-4.345130327102918955e+01
-9.538332230852091698e+01
5.260110632746931714e+01
-1.612701400050886136e+00
1.128613865998893431e+02
-1.770101569424072068e+02
3.117107249909237794e+02
-4.361547490128510276e+02
7.460036147907725308e+02
-1.303545979981953678e+03
1.625704995549823764e+02
3.653057147033030674e+02
1.163494752668976844e+02
3.501669914605897134e+02
1.153960682372673318e+03
1.370522584505683312e+02
-1.121411261641470219e+03
-2.789427537361897294e+02
-7.993391422925036522e+02
-4.668859531950275823e+02
-7.236590277895739973e+02
1.738039620378020118e+03
-7.937579760830192299e+02
6.168002963560344369e+02
1.634644916564533105e+03
6.308862313340939210e+01
8.699498266062164475e+02
-1.188673408534929422e+03
-2.673996384813261102e+03
5.313003700724194687e+02
-3.695121312543678869e+02
5.196187161851257486e+01
2.253453393563757800e+03
1.389580867252376493e+02
-8.642555650430731475e+02
-8.275903201800884972e+02
1.272663938004457350e+03
-2.437577316210645790e+02
-3.317404215220612969e+02
-8.704466882028574446e+02
7.486668889951084793e+02
5.703373925401765518e+02
-6.862682899307860680e+02
3.186820609318065323e+01
-7.321071510874152466e+01
-3.782818534965039134e+02
7.409805135974162340e+02
1.045542295734494047e+02
1.319001595096988524e+02
-4.364361475455789332e+02
