-2.536217699999999908e+01
-1.637558100000000039e+01
-2.714924500000000052e+01
-2.465802800000000161e+01
-1.683250200000000163e+01
-2.170521099999999848e+01
-2.822016800000000103e+01
-2.419202299999999894e+01
-2.565570599999999857e+01
-2.819708200000000176e+01
-2.270202400000000154e+01
-1.676306999999999903e+01
-2.130133199999999860e+01
-2.353875000000000028e+01
-2.900706699999999927e+01
-2.708176900000000131e+01
-1.783411299999999855e+01
-2.878180400000000105e+01
-2.478714799999999840e+01
-2.408806699999999879e+01
-2.548112599999999972e+01
-1.799603799999999865e+01
-2.995322900000000033e+01
-2.660528499999999852e+01
-2.389609799999999851e+01
-1.704381800000000169e+01
-2.815019099999999952e+01
-1.987126200000000154e+01
-2.613890599999999864e+01
-3.044991100000000017e+01
-1.823044300000000106e+01
-2.435986799999999874e+01
-2.651506799999999942e+01
-1.692634899999999831e+01
-2.988020900000000069e+01
-2.959111400000000103e+01
-1.899667399999999873e+01
-2.553479099999999846e+01
-1.807072099999999892e+01
-2.889424500000000151e+01
-3.119191100000000105e+01
-2.573304100000000005e+01
-2.175825400000000087e+01
-1.570453599999999916e+01
-2.512565299999999979e+01
-2.783068700000000106e+01
-3.025186400000000120e+01
-1.842986499999999950e+01
-2.652590500000000162e+01
-3.206770800000000321e+01
