3.509987904381881663e+01
1.027904784193489185e+01
8.847775760677906831e+00
8.496970291432923261e+00
8.106999436574188422e+00
7.921749301281479028e+00
7.702796649635210713e+00
7.488342908338477599e+00
7.288752982986012263e+00
7.096030086470460851e+00
6.918659482599253785e+00
6.749477517180418218e+00
6.588575439116024057e+00
6.435016314574525609e+00
6.288092595177236177e+00
6.147330650004584562e+00
6.012095079446810431e+00
5.881998929453870595e+00
5.756601079519726660e+00
5.635533601524943315e+00
5.518527328615818739e+00
5.405289088899863259e+00
5.295611303607759446e+00
5.189276442421578039e+00
5.086106992587963838e+00
4.985945930643968182e+00
4.888653689513059675e+00
4.794105730436597490e+00
4.702191293857359788e+00
4.612810438155517723e+00
4.525873140852042731e+00
4.441298026361502949e+00
4.359011088169300940e+00
4.278943799492068045e+00
4.201033358615542390e+00
4.125221419464987882e+00
4.051453327109266311e+00
3.979677869293644310e+00
3.909846470777128324e+00
3.841913101916454742e+00
3.775833707869486133e+00
3.711566069557723058e+00
3.649069441360895727e+00
3.588304425577395929e+00
3.529232753375919796e+00
3.471817161233563542e+00
3.416021265078848845e+00
3.361809458704396736e+00
3.309146841716754661e+00
3.257999142022243166e+00
3.208332676649001236e+00
3.160114302876191328e+00
3.113311389425647668e+00
3.067891795998092253e+00
3.023823851972229804e+00
2.981076349993432739e+00
2.939618537157223432e+00
2.899420113840952329e+00
2.860451233997264975e+00
2.822682508011700175e+00
2.786085008209013392e+00
2.750630274673223408e+00
2.716290321940373342e+00
2.683037648060878411e+00
2.650845241705132693e+00
2.619686590562373407e+00
2.589535689427091114e+00
2.560367047608343771e+00
2.532155696256490174e+00
2.504877194244900629e+00
2.478507634357048239e+00
2.453023647493060899e+00
2.428402407035905153e+00
2.404621631342693799e+00
2.381659585763094888e+00
2.359495083595935849e+00
2.338107485796374174e+00
2.317476699884394975e+00
2.297583177778757868e+00
2.278407912618472420e+00
2.259932434684500446e+00
2.242138806338344281e+00
2.225009616171507609e+00
2.208527972248017779e+00
2.192677494639898139e+00
2.177442307138375721e+00
2.162807028396561027e+00
2.148756762347118876e+00
2.135277088159006631e+00
2.122354049621062444e+00
2.109974144091190773e+00
2.098124311074736514e+00
2.086791920453808569e+00
2.075964760449618751e+00
2.065631025337189897e+00
2.055779303029160676e+00
2.046398562485741035e+00
2.037478141104599239e+00
2.029007732035454037e+00
2.020977371546197610e+00
2.013377426422024552e+00
