3.669999999999999929e-01 0.000000000000000000e+00
2.000000000000000042e-02 2.142857142857142877e-02
6.119999999999999885e-01 4.285714285714285754e-02
7.550000000000000044e-01 6.428571428571427937e-02
1.839999999999999969e-01 7.857142857142856984e-02
3.059999999999999942e-01 1.000000000000000056e-01
4.490000000000000102e-01 1.214285714285714274e-01
8.369999999999999662e-01 1.428571428571428492e-01
6.939999999999999503e-01 1.642857142857142849e-01
5.709999999999999520e-01 1.857142857142857206e-01
9.799999999999999822e-01 2.071428571428571563e-01
8.200000000000000344e-02 2.214285714285714191e-01
2.859999999999999765e-01 2.428571428571428548e-01
8.980000000000000204e-01 2.642857142857142905e-01
5.100000000000000089e-01 2.857142857142856984e-01
6.530000000000000249e-01 3.071428571428571619e-01
1.429999999999999882e-01 3.285714285714285698e-01
4.289999999999999925e-01 3.499999999999999778e-01
8.159999999999999476e-01 3.642857142857142683e-01
1.000000000000000000e+00 3.857142857142857317e-01
3.469999999999999751e-01 4.071428571428571397e-01
2.039999999999999869e-01 4.285714285714285476e-01
5.310000000000000275e-01 4.500000000000000111e-01
7.349999999999999867e-01 4.714285714285714191e-01
8.780000000000000027e-01 4.928571428571428825e-01
6.099999999999999867e-02 5.071428571428571175e-01
3.880000000000000115e-01 5.285714285714285809e-01
2.449999999999999956e-01 5.500000000000000444e-01
7.960000000000000409e-01 5.714285714285713969e-01
4.899999999999999911e-01 5.928571428571428603e-01
1.219999999999999973e-01 6.142857142857143238e-01
9.389999999999999458e-01 6.357142857142856762e-01
7.139999999999999680e-01 6.500000000000000222e-01
0.000000000000000000e+00 6.714285714285713746e-01
5.919999999999999707e-01 6.928571428571428381e-01
4.079999999999999738e-01 7.142857142857143016e-01
2.240000000000000047e-01 7.357142857142857650e-01
9.180000000000000382e-01 7.571428571428571175e-01
1.019999999999999934e-01 7.785714285714285809e-01
6.730000000000000426e-01 7.928571428571428159e-01
4.689999999999999725e-01 8.142857142857142794e-01
8.569999999999999840e-01 8.357142857142857428e-01
2.650000000000000133e-01 8.571428571428570953e-01
4.100000000000000172e-02 8.785714285714285587e-01
9.589999999999999636e-01 9.000000000000000222e-01
7.760000000000000231e-01 9.214285714285713746e-01
6.330000000000000071e-01 9.357142857142857206e-01
1.630000000000000060e-01 9.571428571428571841e-01
3.270000000000000129e-01 9.785714285714285365e-01
5.510000000000000453e-01 1.000000000000000000e+00
